01201 8382
01960 10846
02148 7325
02151 7625
02155 8294
02169 8915
02301 7730
02360 11123
02740 7187
02780 7394
02920 7079
06010 9631
06484 8208
06492 8575
06516 7283
06902 7897
07002 8833
07024 8605
07047 8242
07052 7900
07083 8260
07087 7232
07093 7559
07305 7661
07470 9826
07728 8680
07753 8033
07960 7534
08053 7193
08054 7194
08527 10099
08540 7266
08701 9994
08724 8338
08753 9672
08757 15442
08759 19115
08816 7232
08831 16200
08873 9271
10002 14356
10009 8359
10011 7628
10016 7138
10021 9417
10022 8433
10023 12087
10024 10568
10025 16578
10028 8903
10029 10001
10032 7279
10033 7535
10128 10533
10306 9501
10312 10106
10314 14788
10456 7679
10461 7594
10462 8827
10463 12125
10465 7674
10466 8818
10467 11508
10469 10994
10472 7302
10473 8195
10475 9914
10701 8320
11040 7771
11203 12681
11204 10418
11206 8383
11207 9186
11208 7669
11209 10895
11210 7748
11211 7930
11212 9893
11213 7157
11214 14371
11218 7780
11219 10203
11220 9412
11221 7847
11223 12243
11224 10688
11225 7253
11226 11295
11228 7238
11229 13906
11230 12953
11233 7905
11234 14571
11235 16885
11236 12002
11354 10225
11355 12994
11357 8703
11368 9664
11372 9032
11373 12090
11374 8095
11375 13031
11377 11525
11385 10200
11432 8541
11434 9061
11590 7498
11691 8073
11706 7185
11743 7532
11746 9454
11758 9065
12180 7103
12866 7140
13021 7205
13440 7667
13760 8714
14075 8192
14094 8283
14120 7803
14150 8474
14221 13433
14224 8552
14450 7744
14580 9540
14850 7443
15068 7542
15237 8920
15301 9733
15601 12673
15642 8585
16001 8139
17042 7229
17055 7211
17331 9400
17402 7093
17543 7953
17601 10262
17602 7732
17603 8784
17701 7392
18017 8108
18103 7321
18104 8951
18966 8049
18974 10648
19020 8336
19063 7415
19067 7694
19111 8788
19115 7780
19131 7342
19143 8945
19148 7254
19320 7729
19380 9149
19382 7715
19403 8119
19446 10461
19711 7080
19720 7727
19808 7185
19958 8627
19966 7551
20011 8453
20019 7041
20744 9160
20817 7028
20850 7727
20852 7571
20854 10036
20878 7008
20904 9390
20906 13443
21093 8837
21122 7454
21207 8521
21208 8734
21215 10124
21222 9046
21228 9131
21234 12148
21401 8362
21502 8005
21740 9096
22003 8546
22407 7194
23185 9954
23188 9701
23451 7602
23452 8018
23454 7320
23462 7047
23464 9427
23666 7141
24018 7411
24153 7168
24401 7520
26003 8385
26554 7602
27030 7168
27106 7296
27215 8026
27284 8098
27360 7323
27406 8091
27410 9928
27615 7284
27705 7041
28025 7184
28227 7187
28562 7955
28601 8596
28645 8190
28655 9835
28792 7341
29072 7050
29464 7616
29483 8841
29526 7428
29576 9951
29588 7635
29615 7269
29621 7956
29651 7083
29681 7173
29720 7924
29732 8908
29803 8997
29909 11823
29926 7579
30040 7288
30041 7134
30043 7468
30047 7744
30052 7067
30062 8138
30064 7493
30066 7460
30075 7367
30188 7192
30263 7361
30281 7260
30331 7759
30506 7278
30906 7310
30907 7777
32034 8825
32127 8232
32137 12917
32159 17583
32162 42169
32164 11007
32174 14839
32210 7029
32225 7266
32724 7582
32725 8539
32778 7289
32780 9227
32792 7416
32907 7347
32935 7996
32940 10060
32955 8136
32958 8374
32963 8355
32966 7475
33009 10372
33010 9296
33012 16897
33013 7936
33015 7821
33016 7401
33021 9880
33023 7205
33024 8964
33027 12068
33062 8093
33063 11065
33064 8790
33125 11596
33126 9648
33134 9366
33135 7579
33142 7163
33144 7257
33155 8791
33157 9516
33160 10174
33165 12445
33175 9630
33176 8565
33177 7326
33180 8579
33186 9285
33308 9308
33311 9639
33319 9537
33321 12875
33322 10559
33324 7259
33410 8298
33411 11865
33414 8375
33417 8123
33418 10811
33433 12756
33434 8637
33435 7412
33436 11972
33437 21052
33442 9619
33445 9077
33446 13336
33455 8284
33458 7689
33467 14544
33472 7471
33477 7222
33484 14076
33496 8518
33541 8329
33542 7524
33573 15060
33707 8443
33771 8123
33810 9489
33852 7087
33872 7089
33881 8492
33884 7471
33903 9577
33904 9644
33908 16860
33914 8196
33917 12167
33919 10145
33928 9395
33950 11332
33952 8789
34104 7912
34108 7834
34109 7728
34110 10738
34112 9641
34119 9058
34134 7814
34135 14822
34145 8528
34203 9378
34205 7403
34207 8315
34209 10766
34221 9919
34223 7814
34231 8863
34232 7495
34238 9384
34243 9117
34275 7247
34285 11297
34287 9751
34292 8236
34293 14070
34446 7596
34476 9013
34481 10503
34491 12454
34606 9595
34608 7160
34609 9297
34613 7100
34653 8537
34655 10317
34667 11863
34668 10647
34684 9315
34689 8141
34698 11610
34711 10326
34748 16991
34759 7078
34785 9904
34952 12573
34953 7598
34957 8336
34983 7378
34986 7995
34990 8488
34997 11694
35242 7079
37027 7323
37064 7386
37066 7174
37075 8973
37122 7091
37343 7661
37421 7970
37620 7234
37660 8238
37918 7076
38109 7682
38305 7447
38401 8531
40475 7263
40601 8152
41042 7064
42301 7214
43055 9823
43081 7637
43123 8252
43130 10277
43230 7020
43302 8410
43701 9828
44035 9808
44060 11402
44077 8202
44094 7224
44122 7712
44124 9089
44130 10173
44145 7180
44203 7179
44256 9278
44646 8606
44691 8134
44720 7624
44870 7145
45011 7292
45013 9509
45424 7592
45459 7458
45601 8812
45840 9069
46143 7045
46227 7428
46307 9757
46350 7334
46360 7285
47150 7550
47374 8488
48038 8237
48103 7944
48154 7619
48170 7449
48180 9126
48183 7137
48185 8284
48235 7596
48310 7340
48439 7258
48706 8089
49684 7116
53511 7125
54220 7825
54601 7313
55112 7582
55113 8185
55901 7394
57702 7012
59102 9951
59901 8099
60004 8949
60010 8450
60016 9791
60025 7316
60056 8374
60062 10388
60126 7269
60142 8430
60148 8224
60453 9952
60462 7974
60616 7452
60617 12294
60618 8685
60619 9749
60620 11640
60623 7195
60628 11388
60629 8911
60630 7580
60632 7564
60634 10155
60638 8212
60639 7315
60640 8119
60641 7292
60643 9258
60714 7665
61265 7717
61554 7154
62040 7272
62704 7041
63011 7084
63017 10774
63021 7556
63122 7375
63123 9029
63128 7583
63129 9565
63301 8135
63376 9612
64055 7581
65804 7876
65807 8888
67212 7266
67401 7967
70065 8061
70072 7555
71909 8419
71913 9891
72401 7524
72653 8788
73099 7734
74012 7430
75034 7380
75043 7135
75070 7702
75080 7224
76028 8839
76049 7028
76133 7458
77024 7166
77379 9009
77459 7009
77479 9243
77573 7487
78028 10973
78130 9305
78155 7972
78209 7885
78228 8185
78501 9469
78521 10706
78572 11593
78577 8593
78596 8900
78633 12062
79109 7080
79907 8151
79912 9144
79915 7510
79924 8120
79936 8883
80014 8269
80123 7393
80537 7117
80538 8658
80634 8449
83301 7921
84010 7047
84121 7202
84770 7640
84790 9330
85022 7542
85032 7761
85119 7559
85120 9204
85122 9148
85205 11503
85206 10357
85207 8375
85208 10483
85209 11009
85248 13126
85254 7944
85255 8856
85258 7476
85260 7602
85268 8129
85308 8768
85345 7248
85351 21893
85364 9767
85365 9647
85367 10212
85373 9449
85374 17192
85375 21845
85382 8165
85541 7215
85614 14756
85704 8030
85705 7927
85710 11864
85713 7337
85718 7681
85739 9024
86301 7433
86314 7034
86406 7894
86442 8812
87105 8231
87110 7212
87111 12521
87112 8189
87114 7455
87124 8335
87505 7669
89052 11392
89074 7648
89103 7293
89108 8559
89110 7275
89117 8723
89121 10388
89122 7232
89123 7923
89134 11878
89147 7511
89509 7422
90019 7890
90022 7094
90044 7814
90049 7199
90066 7898
90250 8948
90275 10716
90280 8362
90503 7157
90631 8928
90638 8136
90640 9400
90650 12656
90660 8463
90703 10360
90706 8134
90740 9271
90745 8478
90805 7033
91331 9290
91335 9579
91342 9977
91344 8543
91360 8090
91706 8194
91709 7283
91710 8960
91732 7094
91744 8996
91745 9679
91748 7487
91770 10121
91789 7117
91801 8450
91910 11408
91911 10777
91950 7000
92020 7703
92021 8353
92024 8200
92026 7826
92028 9003
92037 8944
92056 9635
92057 7709
92064 7340
92071 7172
92078 7412
92114 8937
92117 8417
92126 8606
92128 9671
92154 9689
92201 8602
92211 12054
92220 8529
92223 7578
92234 8103
92253 9552
92260 10360
92264 7231
92270 9214
92308 7528
92335 7281
92345 8506
92399 8482
92503 8564
92504 7063
92506 7061
92509 7186
92544 7272
92545 10837
92562 8546
92586 8057
92592 8124
92630 8418
92637 13239
92646 10266
92647 7688
92648 7460
92660 7205
92677 9906
92683 15487
92691 8588
92692 8713
92705 7820
92708 10197
92804 10084
92870 7903
92886 8265
93003 8196
93010 7870
93063 7975
93065 9291
93230 7984
93257 8052
93277 7755
93306 7630
93309 7461
93446 7296
93455 7410
93536 7455
93711 7854
93727 8308
94015 10719
94080 9774
94087 7903
94109 9193
94110 7022
94112 12326
94116 8473
94121 7719
94122 9497
94501 8763
94509 7870
94513 8066
94533 8464
94536 9199
94541 7539
94544 8052
94550 7664
94553 7185
94558 11954
94565 8942
94587 10609
94591 7898
94595 9014
94806 7089
95014 8143
95035 8521
95076 8733
95123 7820
95125 8181
95127 7028
95207 7588
95350 8624
95355 8777
95409 8144
95472 7019
95476 8554
95608 11986
95621 7173
95624 7213
95628 8196
95630 8833
95648 13466
95667 8431
95670 7906
95687 8473
95747 10258
95822 7108
95823 7610
95828 7271
95831 8425
95969 7265
96003 8584
96701 7563
96706 7416
96720 9092
96734 7583
96744 10447
96782 8452
96789 7232
96797 11257
96816 10821
96817 12684
96819 8236
96822 9013
97007 7353
97045 8199
97224 7175
97229 7158
97405 8360
97471 7667
97504 10226
97526 8435
97527 8688
97701 9865
97702 7486
97756 7043
98133 7983
98226 7020
98382 10512
98584 7208
98632 9307
98908 7580
99208 8416
